 85
 85
 85
 85
 85
 83
 57
 84
 84
 85
 85
 85
 85
141
141
141
141
141
107
 70
140
140
141
141
141
170
226
226
226
226
226
144
103
225
225
226
226
226
226
226
226
226
226
226
 97
 86
224
225
226
226
226
226
226
226
226
226
196
 26
 87
224
226
226
226
226
226
226
226
226
226
160
 38
 94
223
226
226
226
226
226
226
226
226
226
121
 53
111
225
226
226
226
226
226
226
226
226
226
 65
 51
124
225
226
226
226
226
226
226
226
226
212
 29
 51
144
225
226
226
226
226
226
226
226
226
187
 40
 50
164
226
226
226
226
226
226
226
226
223
153
 42
 49
186
226
226
226
226
226
226
226
225
208
110
 42
 46
204
226
226
226
226
226
226
226
213
159
 74
 43
 43
219
226
226
226
226
226
226
226
161
 91
 29
 42
 51
224
226
226
226
226
226
226
224
135
 41
 26
 42
 63
224
226
226
226
226
226
226
194
 47
 32
 31
 43
 88
225
226
226
226
226
226
225
156
 40
 35
 34
 43
110
225
226
226
226
226
226
224
119
 47
 35
 36
 46
140
226
226
226
226
226
226
219
 52
 44
 33
 38
 44
164
226
226
226
226
226
226
183
 37
 42
 30
 39
 45
198
226
226
226
226
226
226
153
 47
 42
 29
 39
 46
221
226
226
226
226
226
226
108
 43
 42
 28
 39
 62
226
226
226
226
226
226
225
 61
 41
 42
 31
 39
 82
226
226
226
226
226
226
224
 34
 42
 42
 33
 41
116
226
226
226
226
226
226
223
 24
 33
 41
 37
 42
140
226
226
226
226
226
226
224
 33
 27
 40
 39
 47
169
225
226
226
226
226
226
222
 37
 25
 41
 41
 44
183
224
226
226
226
226
226
221
 52
 30
 42
 42
 41
190
223
226
226
226
226
226
185
 20
 41
 42
 42
 35
197
225
226
226
226
226
226
145
 29
 42
 42
 43
 30
206
226
226
226
226
226
225
 96
 43
 42
 42
 44
 28
212
226
226
226
226
226
193
 27
 42
 42
 42
 45
 27
217
226
226
226
226
226
151
 33
 43
 42
 42
 47
 30
222
226
226
226
226
224
113
 42
 43
 42
 42
 46
 35
223
226
226
226
226
204
 34
 42
 42
 42
 42
 49
 50
224
226
226
226
226
161
 29
 42
 42
 42
 42
 49
 64
224
226
226
226
226
126
 41
 42
 42
 42
 42
 49
 88
225
226
226
226
221
 59
 42
 42
 42
 42
 42
 50
110
225
226
226
226
183
 25
 42
 42
 42
 42
 43
 49
136
225
226
226
226
145
 37
 42
 42
 42
 42
 42
 49
164
226
226
226
226
 97
 40
 42
 42
 42
 42
 43
 44
190
226
226
226
204
 31
 42
 42
 42
 42
 42
 43
 41
210
226
226
226
167
 33
 42
 42
 42
 42
 42
 42
 39
222
226
226
225
126
 41
 42
 42
 42
 42
 42
 43
 50
226
226
226
224
 72
 42
 42
 42
 42
 42
 42
 44
 64
226
226
226
193
 25
 42
 42
 42
 42
 42
 42
 45
 92
226
226
226
158
 36
 42
 42
 42
 42
 42
 42
 46
122
226
226
226
117
 39
 42
 42
 42
 42
 42
 42
 45
151
226
226
222
 55
 40
 42
 42
 42
 42
 42
 42
 44
188
226
225
187
 28
 42
 42
 42
 42
 42
 42
 42
 40
214
226
226
151
 38
 42
 42
 42
 42
 42
 42
 42
 48
224
225
224
108
 39
 42
 42
 42
 42
 42
 42
 42
 58
223
225
219
 46
 40
 42
 42
 39
 42
 42
 42
 42
 84
224
220
184
 29
 42
 42
 42
 36
 42
 42
 42
 42
115
225
203
148
 37
 42
 42
 43
 33
 42
 42
 42
 44
143
225
199
108
 38
 42
 42
 38
 25
 42
 42
 42
 39
183
202
157
 44
 39
 42
 42
 30
 29
 42
 42
 43
 37
216
162
134
 29
 41
 42
 42
 23
 32
 42
 42
 40
 46
221
119
135
 36
 42
 42
 42
 10
 36
 42
 43
 32
 59
222
 64
110
 37
 42
 42
 37
  1
 38
 42
 43
 25
 98
207
 32
 49
 38
 42
 42
 30
  1
 39
 42
 41
 13
127
177
 35
 28
 39
 42
 42
 21
  1
 40
 42
 31
  9
123
138
 46
 36
 41
 42
 42
 11
  2
 41
 42
 24
 12
123
111
 36
 36
 42
 42
 41
  2
  3
 42
 37
  8
 35
 88
 90
 31
 36
 42
 42
 40
  1
  4
 42
 29
  2
 50
 19
 65
 27
 38
 42
 42
 38
  2
  5
 42
 21
  3
 59
  3
 45
 35
 39
 42
 42
 37
  2
  6
 36
  4
 11
 57
  6
 22
 35
 41
 42
 42
 39
  5
  8
 29
  4
 19
 49
  5
 17
 36
 43
 42
 42
 60
  2
  7
 15
  8
 30
 33
  4
 22
 37
 42
 42
 42
100
  6
  6
  6
 15
 55
 18
  4
 32
 38
 42
 42
 42
128
 13
  5
 30
 28
 80
 63
  9
 35
 40
 42
 42
 41
198
 18
  3
 76
 35
119
112
 13
 35
 42
 42
 43
 65
221
 32
 24
108
 39
149
111
 21
 36
 43
 41
 43
 89
200
 48
 78
162
 37
191
105
 29
 37
 42
 41
 42
130
178
 74
125
125
 60
175
 29
 36
 38
 42
 40
 40
177
147
 85
200
 98
 79
138
 11
 36
 40
 42
 39
 45
198
116
 90
219
 53
127
 93
 28
 35
 42
 41
 40
 62
174
137
 99
166
 33
146
 83
 34
 36
 43
 40
 41
 88
147
165
105
119
 35
194
 68
 31
 37
 43
 38
 40
128
159
157
 91
 40
 59
204
106
 35
 38
 42
 36
 40
162
165
120
 89
 23
 78
216
119
 35
 40
 42
 37
 34
161
157
 48
 28
 34
127
204
 82
 35
 41
 40
 38
 34
130
146
 69
 36
 37
145
219
 31
 36
 41
 39
 38
 23
 63
 98
 65
 37
 35
198
197
 31
 36
 40
 38
 38
 29
 23
124
 65
 36
 58
226
173
 35
 36
 40
 37
 38
 24
 67
168
 63
 35
 77
226
122
 35
 36
 39
 37
 38
 29
 84
167
 56
 37
126
226
 85
 35
 36
 40
 38
 36
 38
139
167
 48
 37
146
226
 38
 35
 35
 39
 38
 36
 62
166
167
 39
 35
204
201
 29
 35
 36
 37
 39
 36
 85
167
167
 33
 58
226
176
 35
 35
 37
 36
 39
 33
127
166
164
 33
 79
226
128
 35
 36
 38
 37
 38
 53
166
167
158
 37
124
226
 97
 35
 36
 40
 38
 36
 77
166
167
143
 36
165
226
 53
 35
 37
 40
 40
 41
102
166
167
126
 46
221
218
 26
 35
 38
 42
 55
 50
149
167
167
108
 71
226
194
 32
 35
 39
 42
 83
 75
167
167
166
 88
106
226
163
 35
 35
 41
 68
116
 90
166
167
167
 69
140
226
118
 35
 36
 44
 90
155
 69
168
167
167
 44
204
226
 84
 35
 36
 67
135
141
 54
144
168
165
 55
226
226
 47
 35
 37
 87
159
145
 88
106
166
149
 83
226
218
 26
 35
 50
130
158
136
 93
 61
150
128
120
226
196
 31
 36
 77
159
158
155
109
 58
130
 91
182
226
166
 34
 35
 99
158
158
115
 89
 91
101
 91
224
225
125
 36
 54
150
158
156
127
111
116
 95
 87
226
225
 93
 35
 78
158
158
144
108
144
119
 71
114
226
224
 58
 35
106
157
158
133
 99
146
102
 60
176
226
225
 33
 53
153
157
158
117
142
145
 76
 67
225
226
220
 24
 75
157
158
158
106
144
124
 33
 86
225
226
204
 25
101
157
158
158
100
147
115
 37
120
226
226
183
 38
147
158
158
158
 95
142
 95
 33
191
226
226
152
 63
157
158
158
158
 91
121
 69
 64
225
226
226
123
 90
159
158
158
158
 80
124
 90
 91
226
226
225
 95
130
157
158
158
159
 69
104
 62
144
226
226
225
 69
157
158
158
157
158
 56
112
 58
217
226
226
225
 47
155
158
158
157
158
 80
143
 73
225
226
226
225
 34
158
159
158
157
158
 93
111
113
225
226
226
224
 24
154
156
158
158
159
135
 99
194
226
226
226
224
 16
158
159
158
158
159
131
 80
224
226
226
226
222
 14
153
159
158
158
160
100
106
225
226
226
226
220
 10
149
158
158
158
140
 78
190
226
226
226
226
219
 10
141
158
158
158
106
 77
223
226
226
226
226
217
  6
120
158
158
138
 68
118
225
226
226
226
226
219
  7
 86
153
149
103
 53
210
225
226
226
226
226
220
 13
 54
116
104
 55
 88
225
226
226
226
226
226
222
 25
 24
 70
 62
 41
168
226
226
226
226
226
226
223
 53
  7
 24
 16
 87
224
226
226
226
226
226
226
223
100
  6
  9
 58
156
226
226
226
226
226
226
225
224
150
 33
 50
104
221
226
226
226
